$ANSIBLE_VAULT;1.1;AES256
33363331346463636639623231316435326338333633326435373333346132613838366662333265
6665396164366232643931353332383735383535613830310a626665306435356439656232323635
62353430653866343138613338666435343034303433316632363835366335313266366236313630
3064393232346363320a663630613036376661653239656436653532636132333530353034366637
32666162363635393164373836666330653830343065633736366336643131306534373566396566
30326632633061653439313235333635363035396163356266373566363664303130306434303463
31343937386166386134373531373665353364306162303035343833303833363964656466323035
35383736313262343937306436383537333366663665343261626330636136326431663565386234
30356132323238633563663464656339656263333466633565376563623734663565353665626366
32376631646337613663356339643237313561326164643932313831356564313466653362396162
38323834633862613133666637653238353532353266343232346434663636613364396134383734
62366431323064306633656663313661323166643565396536636166363337376438316565316435
64616238363230616634366331326562623933313836396432613564356564333662656466366235
31306164363763343439313831613861373961633466616265636562613662666134653134316338
66326262356237303139376265303635653262646462666165393330313861313863656262353638
33616335666366323734313635633633306230353661333035393563326335306264616263316633
31396231613061316562623235373263356462646466653335636235346333313761323164313434
38353761393036313931353234386336356264353263396435346264343936323436313430333936
35613835306532363930383433393765356664363237353330393437383530376261653230366630
66353031393734326166323766623664666137643438656338663030386230346430623839316435
30643365363335663039323232666434656332626263666637396438306261356662386632623464
64353866623564653061386636323139663631313565313965333232336137336436613934656366
31333539616132363536323434356332376432363331366233306438306234636132656237663861
31633865656664346462396234356161353035383234383633656539313638303561646461396538
6264
