$ANSIBLE_VAULT;1.1;AES256
30636263623237393235383061353837333432323664336262366662383032633139356132333339
6563643864636665616437366332666137313463363036650a336565663265313266643665366464
66386436636339343736303033356135313665396137373261313162303463383531306533653333
3433306332323866320a373930616230393638316661653235326139343637356635623031323034
63653364373337373839383833333238313330336539336364313665303762326431633731326562
37313432343261373736663932316632356339643937633139616237666564633662393832386162
61666131393236373632386435646365386235313538363738666638376238306231306361373539
37333635363265356462336231613334613839353037323431626337366539343063326430396633
37633531373066313439376134326366316130396564316239353931616538663665326630653733
63353536666534346333343738303431616261643335396439623333383432626535336665666131
30626334336534373633303238636439333866663839333438383562303532376530626438396535
32333830316466616166356535623031366366303335396162386335323266653338353932663837
62313262623564663837336237656239663231366435663461376562303932633833633336303766
36393839393864313664663831633961373536366237663032313330656235366265303061373938
61383431316233353932663433636439646632633561363539353536656462366166363736313531
30656661386632623135393562303535643233633863303064323236363162373962306439313665
62623433343634643865396130386139653931646439633463373534363061356337393135333735
39323431303231636339373336363663396333636537636464663739633433653262646161353064
37393366346165313766373766626262376166633761363939316464626330653564343032643330
61343164313433636331343932633239303765363332303033663166613738636433353262633762
36323462376563386637323864376132343434653339343637663737653562626430663336333836
63376336336230373033353831323334386438666530353631363231356337613862636636353133
38613565663539633865636330326538333362626566303065353133323436343362663665333633
34356332616233343964636562393131626163643039383831343638613339396636643137616265
6464
